MODULE Test

TITLE 'Test'

DECLARATIONS

CLOCK pin 1;
PT2..PT7 pin 2..7 istype 'reg';
CLEAR pin 8;
!IRQ pin 23 istype 'reg';
!TENS, !DP, !A, !B, !C, !D, !E, !F, !G pin 14..22 istype 'com';


TRUTH_TABLE ([PT7, PT6, PT5, PT4]->[A, B, C, D, E, F, G])
	     [0  , 0  , 0  , 0  ]->[1, 1, 1, 1, 1, 1, 0];
	     [0  , 0  , 0  , 1  ]->[0, 1, 1, 0, 0, 0, 0];
	     [0  , 0  , 1  , 0  ]->[1, 1, 0, 1, 1, 0, 1];
	     [0  , 0  , 1  , 1  ]->[1, 1, 1, 1, 0, 0, 1];
	     [0  , 1  , 0  , 0  ]->[0, 1, 1, 0, 0, 1, 1];
	     [0  , 1  , 0  , 1  ]->[1, 0, 1, 1, 0, 1, 1];
	     [0  , 1  , 1  , 0  ]->[1, 0, 1, 1, 1, 1, 1];
	     [0  , 1  , 1  , 1  ]->[1, 1, 1, 0, 0, 0, 0];
	     [1  , 0  , 0  , 0  ]->[1, 1, 1, 1, 1, 1, 1];
	     [1  , 0  , 0  , 1  ]->[1, 1, 1, 1, 0, 1, 1];
	     [1  , 0  , 1  , 0  ]->[0, 0, 0, 0, 0, 0, 0];
	     [1  , 0  , 1  , 1  ]->[0, 0, 0, 0, 0, 0, 0];
	     [1  , 1  , 0  , 0  ]->[0, 0, 0, 0, 0, 0, 0];
	     [1  , 1  , 0  , 1  ]->[0, 0, 0, 0, 0, 0, 0];
	     [1  , 1  , 1  , 0  ]->[0, 0, 0, 0, 0, 0, 0];
	     [1  , 1  , 1  , 1  ]->[0, 0, 0, 0, 0, 0, 0];


EQUATIONS

IRQ.clk = CLOCK;
IRQ.d := 1;
IRQ.AR = CLEAR;

TENS = PT2;
DP = PT3;

END